KETTERS EN KETTERIJEN xxxm

11342; 11111111 11 11113111111111111111111111111,
338-34311431.

1528. 1111111111, 111111111111311111111111 Η111111111111111-
11111 111 laten blijken, 3111131131111 11 111 11111111
111311111111111, 340 11342.

- 11111111 Vestales (1) 1111111111 11111111, 340.

- Η11111111 1111111111 (111111111111 11111111 111 1111
gebracht, 342.

- 1111113111111,111111111 1111111,11111111111111111
1111111111, 1111111113 1111111113, 1111111113 1111111
111111111 111311 111 111 kruis op 1111111111 113111
1111111111111111111111 3111111111, 343 11 389.

- 11111111111111 3111311 11 1111111111 3111311111, 380,

. 11111111111111 1111 31111111111111111311 111 111
11111 11111111111 113111111111111111 111111113111
1111111111113111111111111, 341346.

- 1111111111· ι81111111 (11 1111111111· 111311111111111111 111
Η1111111-111, 111111 1113111111111 11111111 111131
111111, 372-373; 31111311 111 1111111, 111 1111111

, ’1 3111111131 3111111 in 1111311113, 376-377; 113197
11311 31111311 op 11 voorpoort in Ι)11 Η113, (2311111-
30 Juli 1528), 386-387; 1111111111111111111111111-
111111131111111113111111113, 1111 1111 11111311111
1111113111111111131111111111111111131111111111111
1111111111111, 347-348.

- 1111111111,1111111111111111111111131111111111311111
31111111111111111111311, 1111 111111 van Holland
11111111111111111311111111111111311,1111111111111-
11111 1111111311111113, 11111111131111111113, 1111111-
11111113, 11111111 11111311111, 1111 3111111111111
111111 111111311113, 349-352.

- 11ιᾶ1111111 1111111111, 1111111111 11111111, 11 111111 ·
111111111111111111311111113, 111111111113, 3111131111·
11111 11 11111111111111311111 1113111111 11111111111
111 1111111111 3111111111, 353.

- 01111111 (11131111111111111111, 11 11111111111111111
1111111 11111111111311 311113111111111 1113111 11111
11111111113111111111 1111111 Η. sacrament, 354.

15274538.11111111111111111 1111 3111111111, 1111111111
Vandervenne, 1111111111 1111111111 Ρ111111311331
11111113111111 11 hunno 111111 11111111, 311.

 

