CHRONOLOGISGHE' LIJST

VAN

KETTERS EN KETTERIJEN

in 49 449494490490.

404 9904444403 490 4994 lv.

1521. Vele 9904903949 490 Wiolef en Berengarius in 444049 90 49
ἱ Rijsel 0044944 90 3949039039004090, 394.

- De 4499404940 99004 40419499 490490 4994490 04444499, 449
09904994 Luther’s 4994 9904403, 3949039039000490, 394.

- 4044949 494490 49 4044494090 40 494 39990994 3944044,
394.

- Luther's 4994 49 (1904 04904994 4004 49 4030944090 39·
9499444, 394. ,

- Η94 344044, Μο09494 90 49 0494439 4494000090 490 Ν9494-
40449044904 9903944494, 394.

- 4044949 4994 00904994 40 Ηο44904 39049944, 4943990 Ε499-
mus 4093949490 40444, 395.

- KeizerliJ'k 49494 404 0444094403 494 4044949049 409490 90
404 9904004403 494 9904903949 490 404494 40 41499049
490 90 49 4044494990, 395.

- De pauselijke 493994 44990494 49444944 4404 om 49 Luik 49
4994949 900490 494 4044949049 14944944] 044 49 44990490,
399. ’

- 44094439 40991904 49 4904940 4004 waren 4409394 914994, op
4994 490 44990494, 494 490 4044949949 409490 99039949-
390 bij 490 44044494 490494 444404 490 41104409, 401.

- 4400403 0444941949 van Denemarken van 4944944]Ι 494-
49944, 400494 493909 zijnen Lutheraanschen 394904 op
490 4444449493 49 Worms, 402.

 

