CHRONOLOGISGHE LIJST DER STUKKEN. ⁴73

. 112122.
. 1627, April 21, ’2 (1222221222. 1111221221 211122212212222
222 1211121222 11211221 2222 121 12122112 222 222 3212132
12122221 222 1222 1211222212 2222222 (Liedewij Gomon). 211
. 1527, April 2227, 1122122211 en ’2 (1222221222. 1111221221 21112
22122122222221211121222 11211221 2222 121 22221222222
222 1122122211 2222 1122 Hang 222 122 22222322 [21122222
022221121221222210122222211222) .......... 212
. 1624, September 221· 1627, Maure 2112211 22, Maurus. 11112212212
211 12 2212212222 222 122 22122 222 11122222 2222 121
vervolgen en 2221222122 222 Maryo 12 12222212 22 21222112
2222222222 1217212222 22212 (12 2222212) ...... 213
. 1627, 122-1122222221. 1111221221 21112 2212212822 222 121
Η21 222 Η211221 2222 121 2112211322 12 2221221222 121
2121122112322121211222222)(02222111]222122.) ..... 211
. 1627, (April) 22 Pam, Brabant, 3222922222, Nomen. 121122,
11222211, 1122221222 en Amworpen. 1111221221 211 12 1222121
222 11212211222222222 22221212221222122 22 2221122 222
1121122222 22 121122222212 112 32222122 22 212122 (Co
tempspondant) ................. 211
. 1627, 1221221122· 1, amdam en 1122121222. 1111221221 211 (12
2221222122 222 12121221222122. 2222 2222 2212 222 1222
21322222112122 122 2121 1221221222 naar den 2121122122 12
112212122 22 1212 21212221122122 12 222222 222 2222 acte
van 122 11221222 11211221, 112 222 222212 222121212121111
3222211 12222 12222 1211222222, 122 12222122. 22 Β222112,
12 22222 222 32222112 (1212212221, 222122122 12111211-
2212222222222222) ................ 218
. 1127, Mei 2-8, 122212νά222 en ’2 ammoys. 122122122122211
12 2221222122 222 12121221222122. 2222 2212212212112222
12222122 (122 magistrat 222 1221221221 22 121 1121 222
11211221 2222222212 12 houding 122 221222222111 1212221122
2221211222 (1221221212) .............. 219
. 1127, Mei 8, (1222222 en ’2 1222221292. 1111221221 211122212-
ningen 222 121Η21 222 Η211221 2222 121 getuigen 222 12222
22122222 222 (1222221 12222 122121122222122222 12 (1221221
222 Brugge 22 12322 22222 22821221(1222122211 1112122222). 220
. 1527, Mei 1112, 1222221222 221(1222221292122122122123211
de protocollen 222 1212122 1222122. 2222 12 2212 222 22222
burgomeester en twee schepenen van Amsterdam 2222 ’2 (122-
2221222 om 121212122 12 122222 222 122 11221222 11211221
1222112212 1222 222212222 122212 2212212222 222 1212122122]
222211 22 1222122 11221 1221122122 (Effeci van 222 22222) . . 221
. 1127, Mei 11-12, 1122 Bn'el. Veroordeeling van den 121122
122122211122112221122. 121 2222 boetedoening, herroeping

22 1212 (2222122 3222232212 12 212 1212 (211222 1222122211). . 221 .

. 1527, Mei 12, ’2 0222221292, 1122122211111222112221222 2221222122·
1222. Β2121 222 122 11221 222 11212212221222121122122

 

