CHRONOLOGISOHE LIJST

DER

5155555

Dm 1v.
(NAGEKOMEN STUKKEN.)

111551.

31515, 1520, December 151 1151555. 5111155551 51155555 51151555 555

5555515555 15355151555551 555 555 5555515555 5155115555-
1151151155 555 11155151 55515555151111551 15355 55 5551155 555
15155155 11155 5555553515, 515535115 155555 55515515 555
1151151 115151 1155555155 (115555 impetrato) ....... 392

38δὶ1. 1521855155νὶ 8, Worms. Uittreksel uit 55555 51151555 51555-
551555 555 1155-11555511515555115555 51555155 55 1515351111

op 1115 51555155513 55115555 15 55 Ν5551155555 (1155515115
pari) ..................... 393
3911151521, Februari 28, Worme. Uittreksels uit 55555 51151555
Aleander 555 555 5155-1155551151 555155535551555 5155515
5553115555 55 55151515153 5511515515555115115111 15 55 115551-
landen 55 5551 55 15 nemen 5551153515 (Alli 51 passati). . . 394
41512. 1521, Mean 13, Worms. Β1151555 515555515555551511155555
51555555 Ε151555 555551515111 55 555 51155 555135555155,
555 555515555 55 1555515115 551 15355 1151551 55 11155 555-
5553515 15 55555 5155515555 155 5115551 15 5155355 (Ouum
prepter) .................... 395
1311151521, April 5, 11115511. 51555513153 551 5555511155 55115355
151551 55 11155 5555553515 5551555 Ι111555155555 5155511511,
515511555555 55515355151555551(551555555535115). . 395
43155. 1521, April 8, 15111. 51555513153 551 1555511155 551 15355 Luther
5551155 5555553515, 51515555 551551 op 55 5555555555551,
5551 555 1511155555 51555555 11151555 555551· 115111 (1151551515
5155135115) ........ y ........... 397

 

