ANNO 1527 311

Β6161 666161Η61666 1611661666 16 66616666 661616111336661-
6666661666 666 Westenrijk 66 3166616161 om 66 6666 Den Η663 16
doen 1666666 36161366 16 16 6661( 666 66666 36666366 1661166666.

16666116666.,16616,116 deur 66166666616 666 (166 66666. 11666 366666116 mit
66616666 1616161666 1616666 161116666166 16666 666 1166166666 6616 Β1666616·
61161 666166666166666 6616 1661136 3666166661666 611666, omme 611166 16
commen 1666666666 16 16 661616 666 66666 36666366, 166611 mit der 1661636
666 11661166 1661666, 616.; 6666661616 66666 166661666 16616 16166 66666.
1166616636166666116 6166 (lagen 161 666 6166666 616136, (116 hem by 16666
661166366 16166111 6116, 1166166161161661666666161166 666636166661; 66666-
, omme hier 66111] 61.

Β6161666161Η61666 1611661 666 166 661661 666 Η6666, 666
6666 666666 naar 1166 Η66316666166, 116 666136161366 16 (16 6661(

666 1631 361616666.

166 1161336666.,3666666616616116 366666116 6116661666 beslotene 1616·
666 666 166 66666. 11666 66 166 661661666 flueren, 66666616 161 hy hier
6666166 66616 666 66616666 666666666666 omme 361666161666 166 6666616661
16 36666 16 166 6616166 6661166116 1161616666, 616.;1666666661666666666.
16616 bij 166 66666. 11666 16636166666116 661116366 161 666 6166666 616136,
116166616 16666 6661166366 1616611 6166, 11661661616 166166666616 666636-
166661; 6666666666, 616. ij 1 viij 61.

Β6161 666161161666 1611661666 1161166161666 Μ666116661666,
616666661116116616, 66161 hij 666166 6666161 6666 1166 Η663
16666. ,,

(1666116666, 3666666616616, 116 deur 16661 666 166 procureur 36666661
3661666116 61166616661661616661616666 161 116666 166 61616 666 166 (16616
66 66666 66666166 116611 666 1166161661616, 6166666661611666, 166 66616 161
hij hier 663661666 6161616 6666666 66616; 1666 666666 hem bij 166 66666.
11666 16636166666116 161616366 161-6611 6166666 616136, 116 hem 116Ι 16666
66166366161661116116, 111616616116· 166166666616, 616. 666636166661; 66666·
6666661166 xvilj st.

16161666 161Η61 6661611661 666 1666166 11166166, prior 666
161Ρ66111166666161666166 666 Zierikzee, 116 616116 116111 166661,

666161 hij 666166 66666111 6666 1166 16631666.

166 666 16666366, 1οο16, 116 366666116 mit 66616666 166161666 1616666 161
116666166 61616 666 116111 66 66666 1666166 Wouter, prior 666 166 Ρ6611-
caron tot 1166166661616616616161 116· 663661666161616 1166 66616 6666666ς
(1666 666666 166661666 1616 16636166666116 enen dach tot 666 6166666 6161616,
(116 hem 16 16666 66166366161661116166, 1116116616 11166166666616 1166
6666361666616 1666666616 1166 vj 61.

 

