. 182 CHRONOLOGISOHE LIJST DER svumss.

111111.

81811818 8118838113 881 88118118188181 81311131 11818111(

¹ van Westtalen (On 8818 faire) ............

731. 1828, ,1111 13, 11888811. 18118818111311118818188818318181 over
het 181181388113 81 88 88111818113 881 Η8118111 881 111881-

18181 (288 18 meur) ...............

108. 1628, (111118,)118888111.18118818111381 88818888111818113881
881 181181 vestale (1), 181181181388113811 88 88111818113 881

11818111 van 1188118181, 8188118818 81381838 881 88181

181881, 818 888188111311 1811818181 88181 1881118 188 18181

1113181 (von trouve) ...............

709. 1528, 1811 13, 1188811111. 111111818818 uit de 818881818111381 8881
88 88111818113 881 Η818111 881 Westtalen (Audit maistre

Piero) ....................

710. 1528, Juli 13, 1188181111. [1111181881 11188 818881818111381 8881
18118188188 881 18888 18188111888818, (118111) Hendrik 881

· westfalen 81 188811 Τ18181811818881111111888111818113181
81111881118811888818881811881(188818811318111). . . .

711. 1528, ,1111 13, 1188νηὶ11. 0111181881 uit de Histoire 91811818 (18
1888818 881 R. 1188818111( 8881 88 181881181811113 881881

331

338

339

311

311

8113181111 11818111 (881 1188118181) (Cr temp: 88818881) . . . 311

712. 1528, (1811 13,) 1188111118 en Kortn'jh. 181188181113 van
8818881118 8881 181 (11881181 81 88 88111181ᾱί13 881 881
8113181111 1181118118 1181881 (11818111881 westfalon) (Cor-

= traci,ad quod) ..................

712bts. (1128,.181113,)11881811ι.181188181113 111 (1818811818118 081188-
18888 8881 88 1188118881311818, 8818111888 1181118118 Dyns·
1881118 (11818111 888 1188118181) 818881 8881 181 1188138118
881 81118888 811811 (Diebus 18118) ...........

713. 1528, 181115, Gom. [1111181881 uit R. Maoquerim’s Histoire
31811818 over 181 81181181 881 88181 118881 811 Rhodes (18881
88 888181) 8883818 11118 1811818818 3881181181 81 881 183

w

131

8818181881811818881(18881881Κ881181181)(Α(1888) . . 313

711. 1528, 1811 18, 181818νά881. 1111118188] 811 88 8888181118 881 818181

881 1811818 8881 181 1838181 881 8818813113 18381 (18
1111818181, met 181818 881 88 8188811118 privilegien, in

Η811818 (1131188118. 11888) .............
7181528, 18111821, 181818νά881 111111818811118811818881181 881
1181188 1888181, 88118188188 88188 818181 881 Η811818
1188111181 88 8188811818318111 8818 881 1811811) 18 8811118-
81381 (Alme (18 procureur) .............
716.1528,181125,8881 111111818811111181118818818188188881181
81181181 81 88 8811811113 881 Jacob (881) 1881118181, 818
181181881818811138118811818138188(1188881’81813) . .
717. 16281111 29,1118188(1818.11818818881113 181 8818 3818118818 81
1811818381 881 881 111118 op haar 11888111388118181 door
181 1181 8811 Η811818 18381 1111811811 11 881 8818381 8883818
181 11181811 881 8818 81883818 8818818881113 8881 18118111
(1888138181) .................

311

311

. 311

315

 

