Anno 152⁸ 357

99911919191911119999 9999 19999 91919991 1999 199999 991199199
aaut, doende 1999991999 19199999999 911999 1119999 19919999.
r 1919919199 9919 argones, 19911119 99199 999199999 1999191 39199111
19919999 999 19999999, 119 911999 99199 1999991111 99 9919 9111199
repen 9199191 19 19 999999. 1199999199 11991, 199119911 9919 99991111
1919999199999991999119 99199911919 9119 991199 91 911 9999119 9919
9919 199199 9999999 9919 999 999119 wegen 9191999199 191199 moegen
999, 91999 1999 119 1999991999 999 ’199991 9999 9999199191199991 9119
999919919 9919199991 9919 9991119199 geleert worden van die dwalinghe
Luyter 119· 199 991999 999199999 9199191, 999119999919, 191 1991 9991
919911 99 999 99111 19 nemen ende zijn religie 19 999199199; 9919 19 91199
9 contrarie 119 191111919 91119 919999199 199 K. 11191.. 1919919919, 191
1991999199 999199999 9911919119 991 9199999 logieren ende onderhouden,
99919 peyne in de 99199 9199991199 begrepen3 999 191 119 991999119
199919. 999999 999 119 9111999199 999991199 99, mite 1999191119 99999.
19999 99999991 99991919991, 191 119 999999. 991999119399991919999991
399999ίεί991 991 9199 9999 1919911 (11991999919999919911. Mt. 9119
99 9911991191999991999911991999 der 999919. ,
gene 9991919 99991 Cornelis 8991, 919 procureur 999 199 99999.
99119, 1919 9919999199 9919 zeggen. 191 9199 9991 19919199 en
191 (119 9919991119 99999 Willem Bruyns zoen, die 11999199919991 19
999999 9919199999 99999199991 11199191, 9939991999 9119 9919999119911
9919999999199911ς maer 99 water, 191119 9999 999199 9991999119,
9199 01999, 119 99999919 9919 99911999111999 bijnnen Waelburnh int
999 (199 391999119, 19119919 9119991199191 999 19199999199 9919
1999919919, 119· 9999199919999199 19119919 199 999999. Willem Bruynsz.
919 19 9999911191 9191, 11919 9991 99 19919, 119 1991 99919911 9999 999
9999199911, 19911199 99199 9939999199 9919 991911 199 991999 bu hem
999 1199191 991199199. 11919 want die genaechde denzelven Willem

9919919 9991 99 19919 9919 919999 9999 over hem 9991 99 91999119 999
19991, 999 99 19911119 991999119 999199999991999991 9999991 1991 19
1199999. 199 19911 9999119999919999119999999999 ten 11119191 119·
111999 999111991 999199919991 99 geweest3 1999191 99991191 99 deur die

’1919 1999 999919 99 9999 99999999 genuen, ende zulcx 19911 119
99119 1991, 9999 1919 999 1199 9919 191191 919999 19991999 gecomen 9999
19 wesen een religione, 999 9199199 999 ς911999119991ς 1199991199 99
11999 19119919 999 199 gedaechde 9991 1399919111·9919999199919
99 1911991999 Willem Bruyns zoen bijnnen ziJnen 19999 19 999199199999,
1199999999 9191 1199999111 911999; want, 191199 119 9919991191 119
99911991999 191999919 99999199 19119, hlj 99 99919 199199 9991
9911191199. Desgelljcxs en 19991 191 19919 999 199 991999119 9991
91999199. 191 119 999 ’199991 deur 199199199199 999 199 99999911111919
199 9999 999199 9999199191199991 99999991 191199;99991,191199119999
91 9919199 1991 19 wesen 9911911999, 999 191999199 911 199199 199 9911199119
91999199119991 19 191199, 9919 999 verre 919 11],999199119991 911919.
1999 999119 weghe 999199199199 hadde, 99919 919199 eenige 9999999919
999 999999, 99199199 991999119 19 1999999 99199999. 11919 91999 [19]
991919 999 191999991199 K. 111, 1999 9991 (1199919991 91199 1919919

 

